20180820 91
20180821 106
20180822 111
20180823 102
20180824 120
20180825 130
20180826 134
20180827 113
20180828 158
20180829 109
20180830 170
20180831 189
20180901 94
20180902 90
20180903 79
20180904 102
20180905 121
20180906 77
20180907 169
20180908 234
20180909 361
20180910 236
20180911 243
20180912 208
20180913 205
20180914 179
20180915 78
20180916 92
20180917 116
20180918 99
20180919 91
20180920 85
20180921 96
20180922 91
20180923 52
20180924 1
20180925 33
20180926 48
20180926 59 136
20180927 48 138
